1

˽
0
˽
25
250
0
24
0
ԙVuؗ
ԙV
ԙxS⪪
ԙxUդʘ
0
5
25
25
25
0
1
3
¼
¼
0
0
0
0
15
15
0
0
0
0
0
0
0
0
0
0
0
0
0
0
0
5000
2

˽
0
˽
25
250
0
24
0
ԙxUyդ̆
ԙUܟ
ԙxUդ
ԙxUդʘ
0
5
25
25
25
0
1
3
¼
¼
0
0
0
0
15
15
0
0
0
0
0
0
0
0
0
0
0
0
0
0
0
5000
3

˽
0
˽
25
250
0
24
0
ԙxUyդ̆
ԙxSݨ
ԙxUդ
ԙxUդʘ
0
5
25
25
25
0
1
3
¼
¼
0
0
0
0
15
15
0
0
0
0
0
0
0
0
0
0
0
0
0
0
0
5000
4

˽
0
˽
25
250
0
24
0
ԙW
ԙUܟ
ԙxUդ
ԙxUդʘ
0
5
25
25
25
0
1
3
¼
¼
0
0
0
0
15
15
0
0
0
0
0
0
0
0
0
0
0
0
0
0
0
5000
5

˽
0
˽
25
250
0
24
0
ԙ}Uyդ̆
ԙV
ԙxS⪪
ԙxUդʘ
0
5
25
25
25
0
1
3
¼
¼
0
0
0
0
15
15
0
0
0
0
0
0
0
0
0
0
0
0
0
0
0
5000
6

˽
0
˽
25
250
0
24
0
ԙxUyդ̆
ԙxUܟ
ԙxS⪪
ԙxUդʘ
0
5
25
25
25
0
1
3
¼
¼
0
0
0
0
15
15
0
0
0
0
0
0
0
0
0
0
0
0
0
0
0
5000
7

˽
0
˽
25
250
0
24
0
ԙxUyդ̆
ԙ}Uܟ
ԙxS⪪
ԙxUդʘ
0
5
25
25
25
0
1
3
¼
¼
0
0
0
0
15
15
0
0
0
0
0
0
0
0
0
0
0
0
0
0
0
5000
8

˽
0
˽
25
250
0
24
0
ԙ}Sw⚘
ԙUܟ
ԙxUդ
ԙxUդʘ
0
5
25
25
25
0
1
3
¼
¼
0
0
0
0
15
15
0
0
0
0
0
0
0
0
0
0
0
0
0
0
0
5000
9

˽
0
˽
25
250
0
24
0
ԙUyդ̆
ԙV
ԙxUդ
ԙxUդʘ
0
5
25
25
25
0
1
3
¼
¼
0
0
0
0
15
15
0
0
0
0
0
0
0
0
0
0
0
0
0
0
0
5000
10

˽
0
˽
25
250
0
24
0
ԙxUyդ̆
ԙxUܟ
ԙxS⪪
ԙxUդʘ
0
5
25
25
25
0
1
3
¼
¼
0
0
0
0
15
15
0
0
0
0
0
0
0
0
0
0
0
0
0
0
0
5000
11

˽
0
˽
25
250
0
24
0
ԙ}Sw⚘
ԙUܟ
ԙxUդ
ԙxUդʘ
0
5
25
25
25
0
1
3
¼
¼
0
0
0
0
15
15
0
0
0
0
0
0
0
0
0
0
0
0
0
0
0
5000
12

˽
0
˽
25
250
0
24
0
ԙxUyդ̆
ԙ}Sݨ
ԙxUդ
ԙxUդʘ
0
5
25
25
25
0
1
3
¼
¼
0
0
0
0
15
15
0
0
0
0
0
0
0
0
0
0
0
0
0
0
0
5000
13

˽
0
˽
25
250
0
24
0
ԙxUyդ̆
ԙWǞ
ԙxUդ
ԙxUդʘ
0
5
25
25
25
0
1
3
¼
¼
0
0
0
0
15
15
0
0
0
0
0
0
0
0
0
0
0
0
0
0
0
5000
14

˽
0
˽
25
250
0
24
0
ԙ}Sw⚘
ԙV
ԙxUդ
ԙxUդʘ
0
5
25
25
25
0
1
3
¼
¼
0
0
0
0
15
15
0
0
0
0
0
0
0
0
0
0
0
0
0
0
0
5000
15

˽
0
˽
25
250
0
24
0
ԙxUyդ̆
ԙV
ԙ}S⪪
ԙxUդʘ
0
5
25
25
25
0
1
3
¼
¼
0
0
0
0
15
15
0
0
0
0
0
0
0
0
0
0
0
0
0
0
0
5000
16

˽
0
˽
25
250
0
24
0
ԙW
ԙUܟ
ԙxUդ
ԙxUդʘ
0
5
25
25
25
0
1
3
¼
¼
0
0
0
0
15
15
0
0
0
0
0
0
0
0
0
0
0
0
0
0
0
5000
17

˽
0
˽
25
250
0
24
0
ԙxSw⚘
ԙxSݨ
ԙxUդ
ԙxUդʘ
0
5
25
25
25
0
1
3
¼
¼
0
0
0
0
15
15
0
0
0
0
0
0
0
0
0
0
0
0
0
0
0
5000
18

˽
0
˽
25
250
0
24
0
ԙ}Uyդ̆
ԙV
ԙ}S⪪
ԙxUդʘ
0
5
25
25
25
0
1
3
¼
¼
0
0
0
0
15
15
0
0
0
0
0
0
0
0
0
0
0
0
0
0
0
5000
19

˽
0
˽
25
250
0
24
0
ԙxUyդ̆
ԙ}Uܟ
ԙxUդ
ԙxUդʘ
0
5
25
25
25
0
1
3
¼
¼
0
0
0
0
15
15
0
0
0
0
0
0
0
0
0
0
0
0
0
0
0
5000
20

˽
0
˽
25
250
0
24
0
ԙVuؗ
ԙxUܟ
ԙxUդ
ԙxUդʘ
0
5
25
25
25
0
1
3
¼
¼
0
0
0
0
15
15
0
0
0
0
0
0
0
0
0
0
0
0
0
0
0
5000
21

˽
0
˽
25
250
0
24
0
ԙxUyդ̆
ԙ}Uܟ
ԙxUդ
ԙxUդʘ
0
5
25
25
25
0
1
3
¼
¼
0
0
0
0
15
15
0
0
0
0
0
0
0
0
0
0
0
0
0
0
0
5000
22

˽
0
˽
25
250
0
24
0
ԙxUyդ̆
ԙV
ԙxUդ
ԙxUդʘ
0
5
25
25
25
0
1
3
¼
¼
0
0
0
0
15
15
0
0
0
0
0
0
0
0
0
0
0
0
0
0
0
5000
23

˽
0
˽
25
250
0
24
0
ԙ}Sw⚘
ԙxSݨ
ԙxUդ
ԙxUդʘ
0
5
25
25
25
0
1
3
¼
¼
0
0
0
0
15
15
0
0
0
0
0
0
0
0
0
0
0
0
0
0
0
5000
24

˽
0
˽
25
250
0
24
0
ԙxSw⚘
ԙxUܟ
ԙxUդ
ԙxUդʘ
0
5
25
25
25
0
1
3
¼
¼
0
0
0
0
15
15
0
0
0
0
0
0
0
0
0
0
0
0
0
0
0
5000
25

˽
0
˽
25
250
0
24
0
ԙ}Sw⚘
ԙxSݨ
ԙxUդ
ԙxUդʘ
0
5
25
25
25
0
1
3
¼
¼
0
0
0
0
15
15
0
0
0
0
0
0
0
0
0
0
0
0
0
0
0
5000
26

˽
0
˽
25
250
0
24
0
ԙxUyդ̆
ԙV
ԙxS⪪
ԙxUդʘ
0
5
25
25
25
0
1
3
¼
¼
0
0
0
0
15
15
0
0
0
0
0
0
0
0
0
0
0
0
0
0
0
5000
0
an old man with a strange amulet about his neck...
10000


