1

ƴ
34946
Ƹ
25
3214
0
24
0
ԙVuؗ
ԙxUܟ
ԙ}S⪪
ԙxUդʘ
0
5
19
19
19
0
1
3
¼
¼
0
0
0
0
15
15
0
0
0
0
0
0
0
0
0
0
0
0
0
0
0
5000
0
0
0
0
0
0
0
0
2

˽
0
˽
25
250
0
24
0
ԙW
ԙWǞ
ԙxUդ
ԙxUդʘ
0
5
25
25
25
0
1
3
¼
¼
0
0
0
0
15
15
0
0
0
0
0
0
0
0
0
0
0
0
0
0
0
5000
0
0
0
0
0
0
0
0
3

˽
0
˽
25
250
0
24
0
ԙUyդ̆
ԙUܟ
ԙxS⪪
ԙxUդʘ
0
5
25
25
25
0
1
3
¼
¼
0
0
0
0
15
15
0
0
0
0
0
0
0
0
0
0
0
0
0
0
0
5000
0
0
0
0
0
0
0
0
4

˽
0
˽
25
250
0
24
0
ԙxUyդ̆
ԙUܟ
ԙxUդ
ԙxUդʘ
0
5
25
25
25
0
1
3
¼
¼
0
0
0
0
15
15
0
0
0
0
0
0
0
0
0
0
0
0
0
0
0
5000
0
0
0
0
0
0
0
0
5

˽
0
˽
25
250
0
24
0
ԙUyդ̆
ԙWǞ
ԙxS⪪
ԙxUդʘ
0
5
25
25
25
0
1
3
¼
¼
0
0
0
0
15
15
0
0
0
0
0
0
0
0
0
0
0
0
0
0
0
5000
0
0
0
0
0
0
0
0
6

˽
0
˽
25
250
0
24
0
ԙUyդ̆
ԙ}Uܟ
ԙ}S⪪
ԙxUդʘ
0
5
25
25
25
0
1
3
¼
¼
0
0
0
0
15
15
0
0
0
0
0
0
0
0
0
0
0
0
0
0
0
5000
0
0
0
0
0
0
0
0
7

˽
0
˽
25
250
0
24
0
ԙxUyդ̆
ԙUܟ
ԙ}S⪪
ԙxUդʘ
0
5
25
25
25
0
1
3
¼
¼
0
0
0
0
15
15
0
0
0
0
0
0
0
0
0
0
0
0
0
0
0
5000
0
0
0
0
0
0
0
0
8

˽
0
˽
25
250
0
24
0
ԙxUyդ̆
ԙxSݨ
ԙ}S⪪
ԙxUդʘ
0
5
25
25
25
0
1
3
¼
¼
0
0
0
0
15
15
0
0
0
0
0
0
0
0
0
0
0
0
0
0
0
5000
0
0
0
0
0
0
0
0
9

˽
0
˽
25
250
0
24
0
ԙxUyդ̆
ԙxUܟ
ԙxUդ
ԙxUդʘ
0
5
25
25
25
0
1
3
¼
¼
0
0
0
0
15
15
0
0
0
0
0
0
0
0
0
0
0
0
0
0
0
5000
0
0
0
0
0
0
0
0
10

˽
0
˽
25
250
0
24
0
ԙxSw⚘
ԙUܟ
ԙxUդ
ԙxUդʘ
0
5
25
25
25
0
1
3
¼
¼
0
0
0
0
15
15
0
0
0
0
0
0
0
0
0
0
0
0
0
0
0
5000
0
0
0
0
0
0
0
0
11

˽
0
˽
25
250
0
24
0
ԙ}Uyդ̆
ԙUܟ
ԙ}S⪪
ԙxUդʘ
0
5
25
25
25
0
1
3
¼
¼
0
0
0
0
15
15
0
0
0
0
0
0
0
0
0
0
0
0
0
0
0
5000
0
0
0
0
0
0
0
0
12

˽
0
˽
25
250
0
24
0
ԙxUyդ̆
ԙV
ԙxS⪪
ԙxUդʘ
0
5
25
25
25
0
1
3
¼
¼
0
0
0
0
15
15
0
0
0
0
0
0
0
0
0
0
0
0
0
0
0
5000
0
0
0
0
0
0
0
0
13

˽
0
˽
25
250
0
24
0
ԙxUyդ̆
ԙUܟ
ԙxUդ
ԙxUդʘ
0
5
25
25
25
0
1
3
¼
¼
0
0
0
0
15
15
0
0
0
0
0
0
0
0
0
0
0
0
0
0
0
5000
0
0
0
0
0
0
0
0
14

˽
0
˽
25
250
0
24
0
ԙW
ԙ}Uܟ
ԙxUդ
ԙxUդʘ
0
5
25
25
25
0
1
3
¼
¼
0
0
0
0
15
15
0
0
0
0
0
0
0
0
0
0
0
0
0
0
0
5000
0
0
0
0
0
0
0
0
15

˽
0
˽
25
250
0
24
0
ԙxUyդ̆
ԙWǞ
ԙ}S⪪
ԙxUդʘ
0
5
25
25
25
0
1
3
¼
¼
0
0
0
0
15
15
0
0
0
0
0
0
0
0
0
0
0
0
0
0
0
5000
0
0
0
0
0
0
0
0
16

˽
0
˽
25
250
0
24
0
ԙ}Sw⚘
ԙ}Uܟ
ԙxUդ
ԙxUդʘ
0
5
25
25
25
0
1
3
¼
¼
0
0
0
0
15
15
0
0
0
0
0
0
0
0
0
0
0
0
0
0
0
5000
0
0
0
0
0
0
0
0
17

˽
0
˽
25
250
0
24
0
ԙ}Sw⚘
ԙxUܟ
ԙxS⪪
ԙxUդʘ
0
5
25
25
25
0
1
3
¼
¼
0
0
0
0
15
15
0
0
0
0
0
0
0
0
0
0
0
0
0
0
0
5000
0
0
0
0
0
0
0
0
18

˽
0
˽
25
250
0
24
0
ԙUyդ̆
ԙxUܟ
ԙ}S⪪
ԙxUդʘ
0
5
25
25
25
0
1
3
¼
¼
0
0
0
0
15
15
0
0
0
0
0
0
0
0
0
0
0
0
0
0
0
5000
0
0
0
0
0
0
0
0
19

˽
0
˽
25
250
0
24
0
ԙxSw⚘
ԙ}Uܟ
ԙxUդ
ԙxUդʘ
0
5
25
25
25
0
1
3
¼
¼
0
0
0
0
15
15
0
0
0
0
0
0
0
0
0
0
0
0
0
0
0
5000
0
0
0
0
0
0
0
0
20

˽
0
˽
25
250
0
24
0
ԙxUyդ̆
ԙxUܟ
ԙxS⪪
ԙxUդʘ
0
5
25
25
25
0
1
3
¼
¼
0
0
0
0
15
15
0
0
0
0
0
0
0
0
0
0
0
0
0
0
0
5000
0
0
0
0
0
0
0
0
21

˽
0
˽
25
250
0
24
0
ԙW
ԙV
ԙxUդ
ԙxUդʘ
0
5
25
25
25
0
1
3
¼
¼
0
0
0
0
15
15
0
0
0
0
0
0
0
0
0
0
0
0
0
0
0
5000
0
0
0
0
0
0
0
0
22

˽
0
˽
25
250
0
24
0
ԙUyդ̆
ԙWǞ
ԙxS⪪
ԙxUդʘ
0
5
25
25
25
0
1
3
¼
¼
0
0
0
0
15
15
0
0
0
0
0
0
0
0
0
0
0
0
0
0
0
5000
0
0
0
0
0
0
0
0
23

˽
0
˽
25
250
0
24
0
ԙxSw⚘
ԙxSݨ
ԙxUդ
ԙxUդʘ
0
5
25
25
25
0
1
3
¼
¼
0
0
0
0
15
15
0
0
0
0
0
0
0
0
0
0
0
0
0
0
0
5000
0
0
0
0
0
0
0
0
24

˽
0
˽
25
250
0
24
0
ԙUyդ̆
ԙxUܟ
ԙxUդ
ԙxUդʘ
0
5
25
25
25
0
1
3
¼
¼
0
0
0
0
15
15
0
0
0
0
0
0
0
0
0
0
0
0
0
0
0
5000
0
0
0
0
0
0
0
0
25

˽
0
˽
25
250
0
24
0
ԙxUyդ̆
ԙ}Sݨ
ԙxS⪪
ԙxUդʘ
0
5
25
25
25
0
1
3
¼
¼
0
0
0
0
15
15
0
0
0
0
0
0
0
0
0
0
0
0
0
0
0
5000
0
0
0
0
0
0
0
0
26

˽
0
˽
25
250
0
24
0
ԙUyդ̆
ԙxSݨ
ԙ}S⪪
ԙxUդʘ
0
5
25
25
25
0
1
3
¼
¼
0
0
0
0
15
15
0
0
0
0
0
0
0
0
0
0
0
0
0
0
0
5000
0
0
0
0
0
0
0
0
0
life it really sucked.
17495


hahaeheh
